11
NR_159859.1 0.0000000 0.4236790 0.4338293 0.3850178 0.4465372 0.3692155 0.3994602 0.4005924 0.4019964 0.3903263 0.4035165 
MN219591.1  0.4236790 0.0000000 0.0119776 0.0831574 0.1245377 0.0993845 0.0867474 0.0896579 0.0879073 0.0925595 0.0943528 
MG098261.1  0.4338293 0.0119776 0.0000000 0.0862671 0.1191680 0.0949851 0.0909639 0.0868850 0.0847804 0.0893872 0.0948385 
KP133498.1  0.3850178 0.0831574 0.0862671 0.0000000 0.0837042 0.0646501 0.0595564 0.0558196 0.0551740 0.0591323 0.0660671 
AF163036.1  0.4465372 0.1245377 0.1191680 0.0837042 0.0000000 0.0343349 0.0224814 0.0203641 0.0204155 0.0329345 0.0425226 
JX256828.1  0.3692155 0.0993845 0.0949851 0.0646501 0.0343349 0.0000000 0.0125608 0.0125608 0.0125884 0.0144948 0.0189943 
MT661488.1  0.3994602 0.0867474 0.0909639 0.0595564 0.0224814 0.0125608 0.0000000 0.0031935 0.0016335 0.0173214 0.0285190 
MG098262.1  0.4005924 0.0896579 0.0868850 0.0558196 0.0203641 0.0125608 0.0031935 0.0000000 0.0000010 0.0155631 0.0216828 
MW447065.1  0.4019964 0.0879073 0.0847804 0.0551740 0.0204155 0.0125884 0.0016335 0.0000010 0.0000000 0.0155965 0.0217613 
MN846336.1  0.3903263 0.0925595 0.0893872 0.0591323 0.0329345 0.0144948 0.0173214 0.0155631 0.0155965 0.0000000 0.0070659 
MK595684.1  0.4035165 0.0943528 0.0948385 0.0660671 0.0425226 0.0189943 0.0285190 0.0216828 0.0217613 0.0070659 0.0000000 
