11
NR_159859.1 0.0000000 0.7780668 0.7962218 0.7048070 0.8267605 0.6775309 0.7385680 0.7402275 0.7426660 0.7224324 0.7468747 
MN219591.1  0.7780668 0.0000000 0.0235377 0.1590721 0.2364537 0.1900724 0.1645847 0.1704942 0.1671032 0.1777559 0.1811663 
MG098261.1  0.7962218 0.0235377 0.0000000 0.1649542 0.2259013 0.1814229 0.1729749 0.1652631 0.1612006 0.1717229 0.1827994 
KP133498.1  0.7048070 0.1590721 0.1649542 0.0000000 0.1611983 0.1246655 0.1145709 0.1074246 0.1061932 0.1144384 0.1276093 
AF163036.1  0.8267605 0.2364537 0.2259013 0.1611983 0.0000000 0.0668325 0.0439851 0.0398250 0.0399058 0.0644913 0.0831800 
JX256828.1  0.6775309 0.1900724 0.1814229 0.1246655 0.0668325 0.0000000 0.0246336 0.0246336 0.0246776 0.0285597 0.0373979 
MT661488.1  0.7385680 0.1645847 0.1729749 0.1145709 0.0439851 0.0246336 0.0000000 0.0062552 0.0031988 0.0339729 0.0553750 
MG098262.1  0.7402275 0.1704942 0.1652631 0.1074246 0.0398250 0.0246336 0.0062552 0.0000000 0.0000010 0.0305238 0.0424566 
MW447065.1  0.7426660 0.1671032 0.1612006 0.1061932 0.0399058 0.0246776 0.0031988 0.0000010 0.0000000 0.0305764 0.0426099 
MN846336.1  0.7224324 0.1777559 0.1717229 0.1144384 0.0644913 0.0285597 0.0339729 0.0305238 0.0305764 0.0000000 0.0139273 
MK595684.1  0.7468747 0.1811663 0.1827994 0.1276093 0.0831800 0.0373979 0.0553750 0.0424566 0.0426099 0.0139273 0.0000000 
