11
AF163036.1 0.0000000 0.1410084 0.1413189 0.1514666 0.1451550 0.2025024 0.2538425 0.1899055 0.5784303 0.8297248 0.8686955 
MG098262.1 0.1410084 0.0000000 0.0000010 0.0137042 0.0000010 0.0682231 0.0960069 0.0388957 0.3088117 0.4688713 0.4829602 
MW447065.1 0.1413189 0.0000010 0.0000000 0.0069961 0.0000010 0.0683437 0.0963662 0.0389663 0.3177518 0.4687923 0.4852301 
MT661488.1 0.1514666 0.0137042 0.0069961 0.0000000 0.0083248 0.0760872 0.1008595 0.0388957 0.3372746 0.5027470 0.4739374 
AY909012.1 0.1451550 0.0000010 0.0000010 0.0083248 0.0000000 0.0784751 0.1069760 0.0441787 0.3986101 0.5966907 0.6290394 
MN846336.1 0.2025024 0.0682231 0.0683437 0.0760872 0.0784751 0.0000000 0.0307686 0.0473626 0.3284668 0.4843631 0.4762637 
MK595684.1 0.2538425 0.0960069 0.0963662 0.1008595 0.1069760 0.0307686 0.0000000 0.0667785 0.3563402 0.5194102 0.4849367 
JX256828.1 0.1899055 0.0388957 0.0389663 0.0388957 0.0441787 0.0473626 0.0667785 0.0000000 0.3016560 0.4362436 0.4488027 
KP133498.1 0.5784303 0.3088117 0.3177518 0.3372746 0.3986101 0.3284668 0.3563402 0.3016560 0.0000000 0.4274927 0.4093703 
MG098261.1 0.8297248 0.4688713 0.4687923 0.5027470 0.5966907 0.4843631 0.5194102 0.4362436 0.4274927 0.0000000 0.0522885 
MN219591.1 0.8686955 0.4829602 0.4852301 0.4739374 0.6290394 0.4762637 0.4849367 0.4488027 0.4093703 0.0522885 0.0000000 
